4294967278,106
4294967278,105
4294967278,104
4294967278,124
4294967278,123
4294967278,122
4294967278,120
4294967278,116
4294967278,115
4294967278,113
4294967278,112
4294967279,164
4294967279,163
9,67
4294967279,162
4294967279,161
9,66
4294967279,160
9,65
4294967279,159
4294967279,158
9,64
4294967279,157
4294967279,156
4294967279,155
9,36
4294967279,154
4294967279,153
4294967279,152
4294967279,151
9,35
9,34
4294967279,150
4294967279,334
4294967278,527
4294967279,148
4294967279,147
9,33
4294967279,146
4294967279,145
9,32
4294967279,144
9,31
4294967279,143
4294967279,142
9,30
4294967279,141
4294967279,140
4294967279,139
9,29
4294967279,138
4294967279,271
4294967279,136
4294967279,135
9,28
9,27
4294967279,134
4294967279,133
4294967279,270
9,26
4294967279,269
4294967279,268
9,25
4294967279,267
9,24
4294967279,266
4294967279,265
9,23
4294967279,264
4294967279,280
4294967279,282
9,22
4294967279,262
4294967279,259
4294967279,257
4294967279,256
4294967279,255
9,21
9,20
4294967279,254
4294967279,333
4294967279,273
4294967279,252
9,19
4294967278,255
4294967278,254
9,18
4294967278,253
4294967278,252
9,17
4294967278,251
4294967278,298
9,16
4294967278,304
4294967278,296
4294967278,295
9,15
4294967278,294
4294967278,293
9,14
9,13
9,12
4294967278,243
9,11
4294967278,241
9,10
4294967278,238
4294967278,236
9,9
9,8
9,7
9,6
4294967278,226
4294967278,224
9,5
4294967279,332
4294967294,183
4294967294,81
4294967294,940
4294967294,414
4294967278,526
4294967279,331
4294967278,525
4294967278,207
4294967278,205
11,4
11,3
11,2
11,1
11,0
4294967294,5
4294967279,200
4294967279,330
4294967278,524
4294967279,329
4294967279,328
4294967279,260
4294967278,523
4294967279,197
4294967279,196
10,4
4294967279,195
10,3
10,2
10,1
10,0
4294967279,327
4294967279,194
4294967279,193
4294967279,192
9,4
9,3
9,2
9,1
9,0
4294967278,522
4294967279,191
4294967294,468
4294967279,189
8,4
4294967279,188
8,3
8,2
8,1
8,0
4294967279,326
4294967294,467
4294967279,187
4294967279,186
7,4
4294967279,185
4294967294,8
7,3
7,2
7,1
7,0
4294967279,325
0,7
4294967279,184
4294967279,183
4294967278,521
4294967279,324
4294967294,935
4294967294,2
4294967294,67
4294967278,520
4294967279,323
4294967278,519
4294967279,322
4294967294,469
4294967278,518
4294967279,321
4294967294,49
4294967294,902
4294967294,9
4294967278,517
4294967278,260
4294967278,0
4294967279,305
4294967294,6
4294967294,157
4294967294,161
4294967294,109
4294967294,46
4294967294,1
4294967294,108
4294967294,31
3,4
2,4
4294967294,79
4294967294,162
4294967294,24
4294967294,169
4294967278,132
4294967278,131
4294967278,130
4294967278,129
4294967278,128
4294967278,127
4294967278,126
4294967278,125
4294967278,121
4294967278,119
4294967278,118
4294967278,117
4294967278,114
4294967278,111
4294967278,110
4294967278,109
4294967278,108
4294967278,107
4294967278,100
4294967278,99
4294967278,93
4294967278,91
4294967278,90
4294967278,89
4294967278,85
4294967279,90
4294967279,89
4294967279,87
4294967279,86
4294967279,85
4294967279,84
4294967279,83
4294967279,82
4294967279,81
4294967279,80
4294967279,79
4294967279,78
4294967279,77
4294967279,76
4294967279,75
4294967279,74
4294967279,73
4294967279,72
4294967279,71
4294967279,70
4294967279,69
4294967279,68
4294967279,67
4294967279,66
4294967279,65
4294967279,64
4294967279,62
4294967279,60
4294967279,59
4294967279,58
4294967279,57
4294967279,56
4294967279,55
4294967279,54
4294967279,53
4294967279,52
4294967279,51
4294967279,50
4294967279,49
4294967279,48
4294967279,47
4294967279,46
4294967279,45
4294967279,44
4294967279,43
4294967279,42
4294967279,41
4294967279,40
4294967279,39
4294967279,38
4294967279,37
4294967279,36
4294967279,35
4294967279,34
4294967279,33
4294967279,32
4294967279,31
4294967279,30
4294967279,29
4294967279,28
4294967279,27
4294967279,26
4294967279,25
4294967279,24
4294967279,23
4294967279,22
4294967279,21
4294967279,20
4294967279,19
4294967279,18
4294967279,17
4294967279,16
4294967279,15
4294967279,14
4294967279,13
4294967279,12
4294967279,11
4294967279,10
4294967279,9
4294967279,8
4294967279,7
4294967279,6
4294967279,5
4294967279,4
6,4
4294967294,102
4294967294,176
4294967294,179
4294967294,12
4294967294,66
4294967294,11
4294967294,17
4294967294,96
4294967278,516
4294967294,90
4294967294,91
4294967294,92
